=== Training V2 started at 13:33:00 ===
Device: cpu
Loading v1 dataset (processed_npy_dataset)...
Classes=3, Features=68 (pos+vel), Train=9947, Val=505, Test=432
Class dist train: {0: 5648, 1: 2552, 2: 1747}
Model params: 1,161,572

  Ep     TrL     VaL  TrAcc  VaAcc   VaF1       LR     s
-----------------------------------------------------------------
   1  1.0882  1.0858  0.394  0.467  0.455 0.000056  46.4 *BEST
   2  1.0401  1.0545  0.442  0.469  0.462 0.000104  53.5 *BEST
   3  1.0282  1.0183  0.421  0.491  0.474 0.000181  56.7 *BEST
   4  1.0078  0.9891  0.432  0.501  0.484 0.000280  59.5 *BEST
   5  1.0001  1.0020  0.428  0.499  0.483 0.000396  61.8
   6  1.0036  0.9616  0.432  0.519  0.512 0.000521  61.5 *BEST
   7  0.9984  0.9758  0.433  0.487  0.471 0.000645  58.4
   8  1.0007  0.9952  0.445  0.491  0.479 0.000761  56.0
   9  0.9950  0.9765  0.424  0.481  0.450 0.000860  64.4
  10  0.9896  0.9832  0.432  0.533  0.527 0.000936  76.3 *BEST
  11  0.9903  0.9515  0.423  0.529  0.513 0.000984  58.3
  12  0.9827  1.0863  0.436  0.505  0.482 0.001000  61.2
  13  0.9940  0.9648  0.453  0.531  0.516 0.000999  57.0
  14  0.9929  0.9981  0.469  0.483  0.488 0.000996  62.1
  15  0.9719  0.9501  0.460  0.511  0.511 0.000990  57.4
  16  0.9716  0.9558  0.440  0.535  0.524 0.000983  59.5
  17  0.9721  1.0038  0.473  0.513  0.515 0.000973  55.2
  18  0.9781  0.9641  0.467  0.539  0.526 0.000962  56.2
  19  0.9529  0.9613  0.488  0.539  0.523 0.000948  59.0
  20  0.9566  0.9718  0.459  0.523  0.511 0.000933  56.4
  21  0.9626  0.9499  0.454  0.533  0.521 0.000916  63.2
  22  0.9545  0.9807  0.454  0.487  0.458 0.000896  60.9
Early stop at ep 22, best=10

=== TEST RESULTS (best epoch=10) ===
Accuracy : 0.5093 (50.93%)
F1-Score : 0.5123
Confusion Matrix:
[[129  72  39]
 [ 38  29  42]
 [ 16   5  62]]
              precision    recall  f1-score   support

      Normal       0.70      0.54      0.61       240
    Drowning       0.27      0.27      0.27       109
    Distress       0.43      0.75      0.55        83

    accuracy                           0.51       432
   macro avg       0.47      0.52      0.48       432
weighted avg       0.54      0.51      0.51       432


=== DONE! Acc=50.93%  F1=0.5123  Best epoch=10 ===
