=== Training started at 23:47:06 ===
Device: cpu
Loading data...
Classes=3, Features=34, Train=9947, Val=505, Test=432
Class dist train: {0: 5648, 1: 2552, 2: 1747}
Params: 733,188

  Ep     TrL     VaL  TrAcc  VaAcc   VaF1     s
--------------------------------------------------
   1  1.0428  1.0554  0.495  0.457  0.466  92.2 *BEST
   2  0.9611  1.0360  0.541  0.493  0.478  64.7 *BEST
   3  0.9284  1.0143  0.559  0.503  0.497  79.2 *BEST
   4  0.9111  0.9719  0.570  0.537  0.525  84.9 *BEST
   5  0.9039  0.9925  0.590  0.499  0.498 107.2
   6  0.9073  0.9919  0.592  0.509  0.498  80.0
   7  0.8984  0.9983  0.596  0.511  0.497  84.4
   8  0.8969  0.9629  0.605  0.529  0.534 125.2 *BEST
   9  0.8929  1.0189  0.602  0.473  0.458  78.9
  10  0.8804  0.9366  0.616  0.519  0.501  64.1
  11  0.8787  0.9704  0.619  0.497  0.486  48.3
  12  0.8673  0.9582  0.628  0.503  0.477  84.6
  13  0.8635  0.9728  0.630  0.505  0.508 101.7
  14  0.8529  0.9681  0.637  0.560  0.557  70.5 *BEST
  15  0.8432  0.9477  0.651  0.541  0.529  70.1
  16  0.8381  0.9286  0.652  0.497  0.477  83.1
  17  0.8340  0.9642  0.657  0.523  0.515  58.5
  18  0.8180  0.9334  0.663  0.543  0.533  57.2
  19  0.8067  0.9230  0.686  0.552  0.546  83.1
  20  0.7936  0.9627  0.692  0.509  0.494  82.5
  21  0.7833  0.9270  0.689  0.562  0.561  84.3 *BEST
  22  0.7825  0.9889  0.694  0.531  0.532  80.6
  23  0.7611  0.9252  0.704  0.535  0.532 133.6
  24  0.7499  0.9416  0.710  0.562  0.557 113.8
  25  0.7498  0.9813  0.710  0.519  0.505  80.1
  26  0.7277  0.9586  0.716  0.558  0.549  73.7
  27  0.7208  0.9259  0.726  0.586  0.587  72.9 *BEST
  28  0.7004  0.9757  0.739  0.556  0.549  75.5
  29  0.6954  0.9539  0.735  0.580  0.577  78.9
  30  0.6800  0.9513  0.742  0.558  0.547  75.6
  31  0.6622  0.9837  0.754  0.574  0.570  79.3
  32  0.6556  1.0554  0.764  0.541  0.531  76.9
  33  0.6502  0.9948  0.765  0.576  0.569  74.6
  34  0.6291  0.9769  0.773  0.582  0.567  74.6
  35  0.6254  0.9724  0.779  0.547  0.528  79.3
  36  0.6140  1.0069  0.781  0.562  0.558  85.5
  37  0.5981  1.0379  0.791  0.543  0.534  89.7
Early stop at 37, best=27

=== TEST RESULTS (best epoch=27) ===
Accuracy : 0.5694 (56.94%)
F1-Score : 0.5785
Confusion Matrix:
[[132  77  31]
 [ 22  45  42]
 [  8   6  69]]
              precision    recall  f1-score   support

      Normal       0.81      0.55      0.66       240
    Drowning       0.35      0.41      0.38       109
    Distress       0.49      0.83      0.61        83

    accuracy                           0.57       432
   macro avg       0.55      0.60      0.55       432
weighted avg       0.63      0.57      0.58       432


=== DONE! Acc=56.94%  F1=0.5785  Best epoch=27 ===
